0,1,1,0,0,1,0,0,1,0,1,0,1,0,1,1,1,1,0,0,0,1,0,0,0,1,1,0,0,1,0,0,0,0,1,0,1,1,0,0,1,1,0,0,0,1,1,1,1,0,1,1,0
1,1,1,0,0,1,0,0,1,0,1,0,1,0,1,1,1,1,0,0,0,1,1,0,0,0,1,1,1,0,0,0,1,0,1,0,0,1,0,0,1,1,1,1,0,1,0,1,1,1,0,1,1
2,1,1,0,0,1,0,0,1,0,1,0,1,0,1,1,1,1,0,0,1,0,0,1,1,1,1,0,0,0,0,1,1,0,0,1,0,1,0,1,0,1,0,1,0,0,1,0,0,0,1,0,1
3,1,1,0,0,1,0,0,1,0,1,0,1,0,1,1,1,1,0,0,1,0,1,1,1,0,1,1,0,1,1,0,0,0,0,0,1,1,0,1,1,0,0,0,0,0,0,0,0,1,0,1,0
4,1,1,0,0,1,0,0,1,0,1,0,1,0,1,1,1,1,0,0,1,1,0,1,1,0,0,0,1,0,1,0,1,0,0,0,0,1,0,1,1,0,1,0,1,1,1,0,0,1,1,1,1
5,1,1,0,0,1,0,0,1,0,1,0,1,0,1,1,1,1,0,0,1,1,1,1,0,1,0,1,1,1,1,0,1,1,1,1,1,1,0,1,1,1,0,1,1,1,0,0,1,0,1,0,0
6,1,1,0,0,1,0,0,1,0,1,0,1,0,1,1,1,1,0,1,0,0,0,1,0,0,1,1,0,0,1,1,0,1,1,1,0,1,1,0,0,0,0,0,1,0,1,0,1,1,0,0,1
7,1,1,0,0,1,0,0,1,0,1,0,1,0,1,1,1,1,0,1,0,0,1,1,0,0,0,0,0,1,1,1,1,1,1,0,1,1,1,0,0,0,1,1,1,0,0,0,1,1,1,1,0
8,1,1,0,0,1,0,0,1,0,1,0,1,0,1,1,1,1,0,1,0,1,0,0,1,1,0,1,1,1,0,0,0,1,1,0,0,1,1,0,0,1,1,0,0,1,1,1,0,0,0,1,1
9,1,1,0,0,1,0,0,1,0,1,0,1,0,1,1,1,1,0,1,0,1,1,0,1,0,1,1,0,0,0,0,1,1,0,1,1,1,1,0,1,0,0,1,0,1,0,1,0,1,0,0,0
10,1,1,0,0,1,0,0,1,0,1,0,1,0,1,1,1,1,0,1,1,0,0,0,1,0,0,0,0,1,0,1,0,1,0,1,0,1,1,0,1,1,0,0,0,0,1,1,0,1,1,0,1
11,1,1,0,0,1,0,0,1,0,1,0,1,0,1,1,1,1,0,1,1,0,1,0,0,1,0,1,1,0,0,1,1,1,0,0,1,1,1,0,1,1,1,1,0,0,0,1,1,0,0,1,0
12,1,1,0,0,1,0,0,1,0,1,0,1,0,1,1,1,1,0,1,1,1,0,0,0,0,1,0,1,1,1,0,0,1,0,0,0,1,1,1,0,0,0,1,1,1,1,1,1,0,1,1,1
13,1,1,0,0,1,0,0,1,0,1,0,1,0,1,1,1,1,0,1,1,1,1,0,0,0,0,0,0,0,1,0,1,0,1,1,1,1,1,1,0,1,0,0,1,1,0,1,1,1,1,0,0
14,1,1,0,0,1,0,0,1,0,1,0,1,0,1,1,1,1,0,1,1,1,1,1,1,1,0,1,0,1,1,1,0,0,1,1,0,1,1,1,0,1,1,1,1,1,0,0,0,0,0,0,1
15,1,1,0,0,1,0,0,1,0,1,0,1,0,1,1,1,1,1,0,0,1,0,1,0,1,0,1,0,1,0,0,1,0,1,0,0,0,0,0,0,0,0,0,0,1,1,0,1,0,0,0,0
16,1,1,0,0,1,0,0,1,0,1,0,1,0,1,1,1,1,1,0,0,1,1,1,0,0,1,0,1,0,0,1,0,0,0,1,1,0,0,0,0,0,1,1,0,1,0,0,1,0,1,0,1
17,1,1,0,0,1,0,0,1,0,1,0,1,0,1,1,1,1,1,0,1,0,0,0,1,1,1,1,1,1,0,1,1,0,0,1,0,0,0,0,0,1,1,0,0,0,1,0,1,1,0,1,0
18,1,1,0,0,1,0,0,1,0,1,0,1,0,1,1,1,1,1,0,1,1,0,0,1,0,1,0,0,1,1,0,1,0,0,0,0,0,0,0,1,0,1,1,1,1,1,1,0,0,1,0,0
19,1,1,0,0,1,0,0,1,0,1,0,1,0,1,1,1,1,1,0,1,1,1,0,0,1,1,1,1,0,1,0,1,1,1,1,1,0,0,0,1,1,1,0,1,1,0,1,0,1,0,0,1
20,1,1,0,0,1,0,0,1,0,1,0,1,0,1,1,1,1,1,1,0,0,0,0,0,1,0,0,1,1,1,1,0,1,1,1,0,0,0,1,0,0,0,1,1,0,1,1,0,1,1,1,0
21,1,1,0,0,1,0,0,1,0,1,0,1,0,1,1,1,1,1,1,0,0,1,0,0,0,1,0,0,0,1,1,1,1,1,0,1,0,0,1,0,1,0,0,1,0,0,1,1,0,0,1,1
22,1,1,0,0,1,0,0,1,0,1,0,1,0,1,1,1,1,1,1,0,0,1,1,1,1,1,1,1,0,0,0,0,1,1,0,0,0,0,1,0,1,1,1,0,1,1,1,1,1,0,0,0
23,1,1,0,0,1,0,0,1,0,1,0,1,0,1,1,1,1,1,1,0,1,0,1,1,1,0,0,1,1,0,0,1,1,0,1,1,0,0,1,1,0,1,0,0,1,0,1,1,1,1,0,1
24,1,1,0,0,1,0,0,1,0,1,0,1,0,1,1,1,1,1,1,0,1,1,1,1,0,1,0,0,0,0,1,0,1,0,1,0,0,0,1,1,1,0,1,0,1,0,0,0,0,0,1,0
25,1,1,0,0,1,0,0,1,0,1,0,1,0,1,1,1,1,1,1,1,0,0,1,0,1,1,1,0,1,0,1,1,1,0,0,1,0,1,0,0,0,0,0,0,0,1,0,0,0,1,1,1
26,1,1,0,0,1,0,0,1,0,1,0,1,0,1,1,1,1,1,1,1,0,1,1,0,1,0,0,1,0,1,0,0,1,0,0,0,0,1,0,0,0,1,1,0,0,0,0,0,1,1,0,0
27,1,1,0,0,1,0,0,1,0,1,0,1,0,1,1,1,1,1,1,1,1,0,1,0,0,0,1,1,1,1,0,1,0,1,1,1,0,1,0,0,1,0,1,1,1,1,0,1,0,0,0,1
28,1,1,0,0,1,0,0,1,0,1,0,1,0,1,1,1,1,1,1,1,1,1,0,1,1,1,1,0,0,1,1,0,0,1,1,0,0,1,0,1,0,0,0,1,1,0,0,1,0,1,1,0
29,1,1,0,0,1,0,0,1,0,1,0,1,1,0,0,0,0,0,0,0,0,0,0,1,1,0,0,0,1,1,1,1,0,1,0,1,0,1,0,1,0,1,1,1,0,1,0,1,1,0,1,1
30,1,1,0,0,1,0,0,1,0,1,0,1,1,0,0,0,0,0,0,0,1,1,0,0,1,0,0,0,1,0,1,0,0,0,1,0,0,1,1,0,1,0,0,0,1,0,1,0,1,0,1,0
31,1,1,0,0,1,0,0,1,0,1,0,1,1,0,0,0,0,0,0,1,0,1,1,1,1,0,0,0,0,1,0,0,1,1,1,1,0,1,1,1,1,0,0,1,1,1,1,1,1,0,0,1
32,1,1,0,0,1,0,0,1,0,1,0,1,1,0,0,0,0,0,0,1,1,0,1,1,0,0,1,0,1,1,0,1,1,1,1,0,0,1,1,1,1,1,1,1,1,0,1,1,1,1,1,0
33,1,1,0,0,1,0,0,1,0,1,0,1,1,0,0,0,0,0,0,1,1,1,1,0,1,1,0,1,0,1,1,0,1,1,0,1,1,0,0,0,0,1,0,1,1,0,0,0,0,0,1,1
34,1,1,0,0,1,0,0,1,0,1,0,1,1,0,0,0,0,0,1,0,0,0,1,0,0,1,1,1,1,1,1,1,1,1,0,0,1,0,0,0,1,0,1,1,0,1,0,0,1,0,0,0
35,1,1,0,0,1,0,0,1,0,1,0,1,1,0,0,0,0,0,1,0,1,0,0,1,1,1,0,1,0,0,0,1,1,0,1,0,1,0,0,1,0,1,1,0,1,1,0,1,0,0,1,0
36,1,1,0,0,1,0,0,1,0,1,0,1,1,0,0,0,0,0,1,0,1,1,0,1,0,1,1,1,1,0,1,0,1,0,0,1,1,0,0,1,1,1,0,0,1,0,0,1,0,1,1,1
37,1,1,0,0,1,0,0,1,0,1,0,1,1,0,0,0,0,0,1,1,1,0,0,0,0,1,1,1,0,1,0,1,0,1,1,0,1,0,1,0,1,1,0,1,1,1,1,0,0,1,1,0
38,1,1,0,0,1,0,0,1,0,1,0,1,1,0,0,0,0,0,1,1,1,1,0,0,0,0,0,1,1,1,1,0,0,1,0,1,1,0,1,1,0,0,1,1,1,0,1,0,1,0,1,1
39,1,1,0,0,1,0,0,1,0,1,0,1,1,0,0,0,0,0,1,1,1,1,1,1,1,1,0,0,0,1,1,1,0,1,0,0,1,0,1,1,1,0,0,1,0,1,1,1,0,0,0,0
40,1,1,0,0,1,0,0,1,0,1,0,1,1,0,0,0,0,1,0,0,0,1,1,1,0,0,0,1,1,0,0,1,0,0,1,0,1,1,0,0,0,1,0,0,1,1,1,1,1,0,1,0
41,1,1,0,0,1,0,0,1,0,1,0,1,1,0,0,0,0,1,0,0,1,0,1,0,1,1,0,0,0,0,1,0,0,0,0,1,1,1,0,0,1,0,1,0,1,0,1,1,1,1,1,1
42,1,1,0,0,1,0,0,1,0,1,0,1,1,0,0,0,0,1,0,1,0,0,1,0,0,0,0,1,0,0,1,1,1,1,1,1,1,1,0,1,0,1,1,0,0,1,0,0,1,0,0,1
43,1,1,0,0,1,0,0,1,0,1,0,1,1,0,0,0,0,1,0,1,0,1,0,1,1,0,1,1,1,1,0,0,1,1,1,0,1,1,0,1,1,1,0,0,0,0,0,0,1,1,1,0
44,1,1,0,0,1,0,0,1,0,1,0,1,1,0,0,0,0,1,0,1,1,0,0,1,0,1,1,0,0,1,0,1,1,1,0,1,1,1,1,0,0,0,0,1,1,1,0,1,0,0,1,1
45,1,1,0,0,1,0,0,1,0,1,0,1,1,0,0,0,0,1,0,1,1,1,0,1,0,0,0,0,1,1,1,0,1,1,0,0,1,1,1,0,0,1,1,1,1,0,0,1,1,0,0,0
46,1,1,0,0,1,0,0,1,0,1,0,1,1,0,0,0,0,1,1,0,0,0,0,0,1,0,1,1,0,1,1,1,1,0,1,1,1,1,1,0,1,1,0,1,0,1,0,1,1,1,0,1
47,1,1,0,0,1,0,0,1,0,1,0,1,1,0,0,0,0,1,1,0,1,0,1,1,1,0,1,1,0,0,1,0,1,0,0,0,1,1,1,1,1,1,1,0,1,0,1,0,1,1,0,0
48,1,1,0,0,1,0,0,1,0,1,0,1,1,0,0,0,0,1,1,1,0,1,1,0,1,0,1,0,1,1,0,1,0,1,1,0,0,0,0,0,1,1,1,1,1,1,1,1,1,0,1,1
49,1,1,0,0,1,0,0,1,0,1,0,1,1,0,0,0,0,1,1,1,1,1,0,1,1,1,1,1,1,1,1,1,0,1,0,0,0,0,0,1,1,0,1,1,1,0,0,0,0,1,0,1
50,1,1,0,0,1,0,0,1,0,1,0,1,1,0,0,0,1,0,0,0,0,1,0,1,0,1,0,1,0,0,0,1,0,0,1,0,0,0,1,0,0,1,1,1,0,0,0,0,1,1,1,1